when using average of two samples(step6):
Mean =  3.442
Variance =  1.4961360000000004

when using average of ten samples(step10):
Mean =  3.4870000000000005
Variance =  0.31719100000000006

