p_value =  0.8614735881829605
We Accept Null Hyposis P_Value > Significance level
boundaries =  [-0.09451612771737695, 0.029252845815376946]

