p_value =  0.00010244978312501374
We Reject Null Hyposis P_Value < Significance level
boundaries =  [-0.09451612771737695, 0.029252845815376946]
